118.729311,32.683558
118.729311,32.683558
116.804283,40.00351
116.804283,40.00351
110.680221,27.955913
102.524299,38.242648
106.277066,30.552428
106.277066,30.552428
114.883514,32.064559
119.285913,32.338015
113.904525,22.556655
117.195785,40.136271
119.958555,31.849701
117.375964,38.397981
116.481769,34.094226
116.181869,39.927399
116.181869,39.927399
121.577118,31.123021
120.650938,28.013832
121.954383,39.390306
116.181869,39.927399
120.648845,28.01473
121.577118,31.123021
121.577118,31.123021
120.650938,28.013832
120.650938,28.013832
121.577118,31.123021
121.577118,31.123021
116.478248,40.057437
117.195459,40.136065
120.120532,31.466477
106.258275,30.83477
120.120532,31.466477
121.577118,31.123021
121.020179,30.601811
121.020179,30.601811
121.577118,31.123021
121.340736,31.107651
117.195943,40.13637
113.212777,28.225635
106.157344,30.652798
120.292236,31.920297
121.341376,28.680494
114.48637,25.673847
121.379321,31.289057
121.341376,28.680494
116.883237,23.690072
120.110964,31.572653
119.134564,42.169814
116.883453,23.690069
119.134564,42.169814
104.049069,30.281111
120.110964,31.572653
119.42174,32.149474
121.228993,36.767826
113.254091,23.242873
116.883453,23.690069
121.356806,31.297456
116.423962,39.795256
120.331157,30.31944
120.583402,27.986467
111.282804,24.828214
111.282804,24.828214
111.290055,23.612103
114.644246,25.531522
105.063867,29.603296
121.505298,31.287391
117.073914,36.67154
117.073914,36.67154
104.252119,30.570479
104.252119,30.570479
104.252119,30.570479
119.076039,33.579324
113.5324,22.238609
118.922363,33.349883
113.853546,23.117618
115.7561,39.136583
111.586437,22.742377
112.433518,26.685619
112.433518,26.685619
112.433518,26.685619
112.433518,26.685619
121.086566,31.682845
115.7561,39.136583
118.922363,33.349883
107.610008,27.877841
115.7561,39.136583
116.412457,39.897494
113.126905,33.8218
113.126771,33.821923
119.454445,32.079841
103.652788,30.270326
120.582352,36.131816
121.428229,29.299906
105.091053,31.086825
105.091053,31.086825
104.045287,30.606446
117.509441,31.904577
113.4214,22.594121
113.126771,33.821923
113.126771,33.821923
112.556015,37.899323
111.692627,22.621019
118.951655,32.083826
105.091053,31.086825
106.567596,29.554386
120.972868,30.636881
112.48396,28.470854
105.091053,31.086825
119.485449,32.053605
119.485449,32.053605
119.485449,32.053605
119.112717,42.308599
112.996232,28.10069
116.519302,31.723126
121.138829,31.289464
103.188183,30.144082
113.069548,22.573095
113.209958,22.90481
114.556196,30.36376
106.468707,29.589772
113.431681,23.388664
119.954939,31.735779
118.243154,34.828666
112.996232,28.10069
116.32247,39.924048
112.996232,28.10069
116.133881,39.888153
118.14659,29.484004
116.32247,39.924048
114.046372,22.596465
112.996232,28.10069
119.112717,42.308599
117.056932,36.705721
114.046329,22.59659
114.046372,22.596465
106.515015,29.446884
112.996232,28.10069
113.152642,23.479055
113.152642,23.479055
116.519304,31.723122
121.514733,31.303882
113.152642,23.479055
108.230699,23.37276
104.20298,30.63809
120.646519,30.936865
112.056203,33.778836
120.324236,31.764607
115.347227,40.123417
118.947142,37.011013
114.129102,22.578189
120.346351,36.716106
120.733725,28.245856
120.324236,31.764607
115.347227,40.123417
114.885662,31.533126
115.347227,40.123417
120.324236,31.764607
105.305283,33.185698
109.769499,28.363881
121.1221,28.310076
114.885662,31.533126
117.36793,40.035443
117.665094,37.899332
117.36793,40.035443
117.66532,37.899154
113.250697,23.096194
114.885721,31.533031
121.1221,28.310076
120.733729,28.245829
114.885662,31.533126
120.324236,31.764607
119.158242,36.720383
119.158242,36.720383
119.158242,36.720383
115.347105,40.123625
120.324236,31.764607
121.1221,28.310076
115.117953,38.586387
105.305299,33.185939
116.867802,39.953971
116.986117,40.265432
119.158242,36.720383
105.305283,33.185698
114.643122,36.662765
119.66667,32.411458
116.986112,40.265539
118.012011,36.820983
116.26961,39.953551
112.25264,25.047187
100.14719,25.778229
102.765396,24.986328
102.765396,24.986328
120.568296,32.397747
105.805376,29.392118
105.805655,29.392179
116.26961,39.953551
120.917526,30.83139
116.26961,39.953551
112.466962,27.012527
112.466962,27.012527
112.466962,27.012527
119.289041,31.532867
116.175078,39.749116
108.975248,34.29368
123.883044,42.8977
123.883376,42.897758
107.32373,26.579495
120.257142,30.0211
116.347159,40.027437
116.347159,40.027437
120.257142,30.0211
114.842042,38.031566
114.842042,38.031566
114.842042,38.031566
114.842042,38.031566
116.26961,39.953551
115.71779,23.311195
117.99258,27.609623
117.99258,27.609623
120.382336,29.374305
121.391392,31.208097
116.89661,39.170616
116.89661,39.170616
87.061252,44.043264
113.124237,23.30978
113.123954,23.309787
113.124237,23.30978
121.690698,42.102335
113.086507,23.148182
115.71779,23.311195
115.717655,23.311027
103.169773,30.18448
120.25286,36.403382
104.01073,30.706838
104.01073,30.706838
120.540514,41.693465
104.233158,30.851259
104.233158,30.851259
118.506815,28.929362
120.382309,29.368898
108.324245,22.845249
119.986475,36.677798
116.314393,39.852701
112.601487,37.857054
112.601487,37.857054
116.314393,39.852701
116.388808,39.947443
120.110538,30.184938
117.251039,30.39187
117.251039,30.39187
120.288267,31.915882
123.587699,41.773267
120.110633,30.18508
120.110633,30.18508
120.110633,30.18508
121.110694,31.474879
118.576566,32.080178
118.576566,32.080178
117.972195,36.860848
120.110633,30.18508
116.314393,39.852701
119.986188,36.677945
112.109334,27.577498
118.576566,32.080178
120.410745,36.153592
112.797922,27.901044
112.797922,27.901044
120.173774,29.754268
101.397332,25.193914
120.173774,29.754268
118.576566,32.080178
103.973248,30.575668
112.797922,27.901044
118.576566,32.080178
117.251039,30.39187
120.288267,31.915882
116.341497,39.985252
116.476948,39.83646
118.711519,36.197762
116.476947,39.836462
116.476948,39.83646
116.476947,39.836462
120.054056,41.447681
108.324245,22.845249
108.324245,22.845249
108.324245,22.845249
118.43758,36.075332
111.754238,27.771608
103.731074,30.617323
105.421056,28.266073
103.731074,30.617323
116.340448,40.018395
121.364633,31.264382
112.042559,30.879326
116.659184,36.707823
104.35265,28.949274
103.815714,30.068441
118.771209,30.923494
118.77096,30.923412
116.659184,36.707823
110.747518,21.569551
114.383119,30.478529
116.092844,36.497529
116.480839,39.957394
116.480839,39.957394
108.89793,34.190644
122.719885,41.214691
112.191638,33.005978
121.29191,31.15625
116.616067,37.062433
118.43758,36.075332
126.505743,46.827156
121.501538,30.835839
119.084691,36.750888
113.209538,22.854848
118.839884,27.318944
105.885925,26.196936
120.32945,31.697175
120.32945,31.697175
104.423481,30.808262
113.528574,23.865144
100.063562,27.166257
114.848838,34.560108
121.367133,31.111104
116.882284,32.566821
118.839884,27.318944
120.32945,31.697175
123.517214,41.940759
117.398075,33.002935
120.32945,31.697175
112.784744,21.975648
104.423481,30.808262
104.423481,30.808262
100.330859,25.584817
100.063562,27.166257
104.423481,30.808262
111.735387,30.497528
113.209538,22.854848
106.448901,29.480538
118.867114,32.105385
100.063562,27.166257
123.90751,41.907434
100.330859,25.584817
114.815933,33.336898
114.670518,23.760138
104.423481,30.808262
116.887363,40.382794
119.949769,36.05158
115.21883,40.291566
115.21883,40.291566
114.815954,33.335667
105.886146,26.1971
105.885925,26.196936
113.853413,22.963577
113.959108,22.698898
113.893479,23.102768
113.911238,39.430468
114.055981,22.535751
120.628219,31.284311
120.628219,31.284311
109.377782,24.339645
112.888722,33.222351
120.628219,31.284311
118.97616,33.491316
118.97616,33.491316
116.161516,28.290891
113.893479,23.102768
113.853413,22.963577
118.817035,31.829806
112.489521,27.227486
118.540992,36.81525
113.911124,39.43053
119.73729,29.822948
116.161516,28.290891
120.832566,29.995122
113.853413,22.963577
119.73729,29.822948
113.911124,39.43053
116.133806,39.864617
120.628219,31.284311
112.888722,33.222351
120.910447,37.041967
118.816891,31.830195
113.457444,22.824836
112.751687,28.203105
112.751125,28.20345
119.779431,31.930247
119.779431,31.930247
106.52321,29.619442
106.523212,29.619491
112.959957,35.837457
118.135819,24.731949
113.857711,31.081541
120.542015,27.667753
118.177659,33.551608
117.191555,31.261776
116.890774,36.661105
116.890774,36.661105
107.352539,34.362254
113.965727,27.68589
120.133753,33.336729
119.779431,31.930247
119.779431,31.930247
117.4409,36.222881
117.271041,39.023953
115.581611,39.253499
121.488727,31.082576
117.271041,39.023953
120.880163,32.00648
117.4409,36.222881
119.817547,35.909368
104.130566,30.579545
118.242899,26.337599
118.242899,26.337599
118.992819,32.348895
104.130566,30.579545
117.4409,36.222881
121.153829,31.452137
120.880163,32.00648
120.880163,32.00648
104.130566,30.579545
121.153829,31.452137
123.046597,41.274307
123.046763,41.274466
104.130566,30.579545
121.153829,31.452137
114.316762,30.637541
121.153829,31.452137
121.153829,31.452137
117.4409,36.222881
121.153829,31.452137
121.153829,31.452137
120.411398,31.55145
117.271041,39.023953
121.401449,31.101297
121.401449,31.101297
120.60432,31.24352
120.60432,31.24352
120.60432,31.24352
120.508183,31.997885
119.011237,33.634684
122.476605,42.321615
118.125314,24.531584
120.60432,31.24352
114.394427,30.513459
114.394427,30.513459
114.394427,30.513459
114.394427,30.513459
114.065407,22.630906
126.701372,45.737914
126.701372,45.737914
122.476605,42.321615
122.47613,42.321564
102.789394,24.932061
121.401449,31.101297
121.401449,31.101297
114.997512,23.69377
113.996074,22.909053
108.569909,26.795493
107.399111,29.48053
108.312166,22.769168
114.997512,23.69377
107.399111,29.48053
114.997512,23.69377
113.018938,22.965726
114.066115,23.620558
107.399111,29.48053
114.066115,23.620558
114.066115,23.620558
118.298125,37.30238
111.563541,29.128631
118.298257,37.302522
111.563541,29.128631
115.254793,40.539035
118.298125,37.30238
118.298125,37.30238
117.677723,39.357999
117.379391,38.253418
117.677723,39.357999
114.165066,22.607553
114.997662,23.693725
120.761043,31.340334
120.39102,29.244544
112.895398,26.681851
119.057216,43.101203
116.468527,40.022385
103.965084,30.778251
120.671677,31.018536
119.816939,36.785451
120.778802,30.321204
120.384908,29.225597
120.384908,29.225597
119.05717,43.101359
119.57356,32.41749
105.177987,33.443893
113.317763,23.201472
118.940075,32.136911
120.39102,29.244544
113.839796,34.652341
114.524085,36.607617
120.178834,30.242021
120.178834,30.242021
120.178834,30.242021
119.78328,31.33212
113.483843,34.623835
120.671677,31.018536
113.483843,34.623835
113.839494,34.652315
119.78328,31.33212
120.384908,29.225597
121.473955,31.082181
120.25333,31.542828
114.524085,36.607617
113.313373,22.826429
115.160922,38.809664
120.17202,36.421734
120.384908,29.225597
118.769378,26.10346
116.65321,39.817879
108.72401,34.398446
120.734074,30.072682
114.280414,30.638284
118.356961,39.829687
114.577571,31.032453
117.826091,28.390162
117.826091,28.390162
120.079462,31.786053
114.577571,31.032453
112.478573,31.768481
118.357438,39.829782
120.164484,31.716136
114.577807,31.032552
108.38021,22.783953
116.273283,40.15435
112.478573,31.768481
106.686905,29.508109
114.577571,31.032453
116.273283,40.15435
116.273283,40.15435
101.475211,26.626286
104.092843,30.679284
120.342603,31.770455
118.689398,35.870305
118.573273,24.630175
113.619689,23.151009
107.051245,33.076198
113.619825,23.151138
120.166175,30.108298
120.342319,31.770436
116.351174,39.959026
121.487151,31.249091
121.856461,31.706466
122.901908,41.164106
120.166175,30.108298
112.81284,37.685549
104.092843,30.679284
104.09284,30.67926
104.092843,30.679284
120.166175,30.108298
118.152023,24.542419
116.226634,40.069029
114.255097,30.608691
114.255097,30.608691
120.523839,36.157183
114.255097,30.608691
110.337274,25.142182
104.043738,30.601044
104.043648,30.601064
113.448565,23.693386
125.121621,44.343454
116.414034,39.984355
117.978516,31.602975
118.475933,37.049775
116.414034,39.984355
114.255097,30.608691
113.448565,23.693386
114.255097,30.608691
118.832481,25.172669
113.448565,23.693386
114.255115,30.608666
115.836863,36.68596
120.312464,31.823055
116.690289,39.889334
126.656396,45.738771
118.57474,24.832131
118.57474,24.832131
120.628578,32.409704
120.628494,32.409859
118.57474,24.832131
106.13867,36.257961
115.949488,29.942236
115.949488,29.942236
118.57474,24.832131
115.949488,29.942236
118.57474,24.832131
116.690289,39.889334
112.070975,22.962757
116.690289,39.889334
114.549649,38.101013
109.691634,27.437354
120.367053,31.574362
113.897734,22.72587
113.897734,22.72587
120.428207,30.241409
120.672265,31.208623
118.756053,32.015053
114.20735,30.573506
100.004034,26.80087
114.20735,30.573506
111.787055,29.189841
109.801188,28.932447
114.20735,30.573506
109.801151,28.932513
120.428207,30.241409
120.186708,30.27086
115.282831,25.913685
121.142911,30.004572
120.259418,30.045077
114.520648,38.09883
106.420986,29.841163
109.801151,28.932513
114.20735,30.573506
120.259355,30.044886
119.158782,32.382403
114.539647,34.396147
120.428207,30.241409
119.630125,32.023426
103.055111,31.418317
116.931383,39.798411
116.386409,39.830578
113.160355,30.736276
113.275245,23.093014
113.160355,30.736276
116.931383,39.798411
111.755459,40.889425
113.929842,30.465791
116.931383,39.798411
119.630125,32.023426
113.275245,23.093014
121.975074,40.960867
113.929842,30.465791
119.191431,36.450186
116.931383,39.798411
113.275245,23.093013
114.095872,32.129451
111.755459,40.889425
103.055111,31.418317
116.931383,39.798411
110.568541,19.895349
104.078799,30.510217
120.367304,28.9418
107.570282,33.205595
104.078799,30.510217
104.078799,30.510217
121.452969,31.256731
124.301508,41.955455
120.256758,30.024332
113.10595,23.029741
120.694183,42.640631
115.907361,36.87583
115.907361,36.87583
115.90764,36.875859
120.693826,42.640449
120.367304,28.9418
104.078799,30.510217
121.452969,31.256731
104.078796,30.510326
120.367304,28.9418
115.907361,36.87583
109.258891,34.421659
119.900481,30.821878
118.542366,33.020396
114.26006,22.852417
121.452969,31.256731
120.367304,28.9418
110.459407,38.85175
110.459764,38.851728
110.459407,38.85175
109.874181,33.646989
104.910757,31.329594
120.666307,27.909643
118.656484,31.632369
111.670795,26.455715
116.448805,36.279918
116.448805,36.279918
120.000785,30.341453
113.305268,22.974123
120.000492,30.34143
112.714024,23.375016
118.656646,31.632562
105.061673,25.750903
120.21225,30.295209
102.221781,38.529537
102.221781,38.529537
117.012066,32.633351
120.378233,31.580666
114.204239,30.573634
103.874021,30.674429
118.786391,31.688913
118.576527,32.248538
109.693406,28.22471
116.773055,33.739175
116.773668,33.73889
121.001868,31.266444
107.304826,35.342825
120.486999,31.531902
120.590085,31.332127
120.487162,31.532159
114.204239,30.573634
118.576527,32.248538
120.378335,31.580631
120.190477,32.225442
120.487162,31.532159
120.378233,31.580666
118.576562,32.248371
116.797183,35.512421
105.571202,31.60503
120.369734,36.095312
109.693406,28.22471
120.812313,30.694194
121.107506,28.842784
121.107506,28.842784
116.966491,39.501251
116.966491,39.501251
116.966379,39.501505
99.710835,27.805929
116.538354,39.966067
120.413015,31.535317
102.176847,28.004105
108.915588,31.846177
108.915588,31.846177
118.846391,37.689344
118.846391,37.689344
118.84662,37.689414
121.261037,28.467452
117.100605,31.948493
117.100605,31.948493
113.314729,22.825729
113.314729,22.825729
113.314729,22.825729
114.300967,30.492153
114.300967,30.492153
114.300967,30.492153
114.300967,30.492153
121.107506,28.842784
113.279606,23.06561
102.708952,25.060177
102.708952,25.060177
121.107506,28.842784
123.441867,41.731765
117.053918,30.516098
118.00249,24.592703
115.681245,31.745234
118.00249,24.592703
118.00249,24.592703
115.681245,31.745234
115.681245,31.745234
117.850575,33.256224
118.025388,24.569249
118.025388,24.569249
112.673443,24.300611
112.673412,24.300392
120.358502,36.10581
120.358502,36.10581
118.025388,24.569249
117.850922,33.255601
118.025388,24.569249
110.670378,34.522505
110.670378,34.522505
118.025388,24.569249
118.025388,24.569249
113.298959,23.561674
114.226151,23.161878
116.386814,37.500442
120.447244,30.931998
116.386814,37.500442
116.233155,40.179133
117.088358,39.08797
118.00249,24.592703
117.288696,31.664745
115.252422,33.340509
114.070476,22.551093
115.252422,33.340509
112.382278,28.583632
112.382278,28.583632
123.577095,41.85723
115.420258,29.312415
100.140032,39.111254
100.140432,39.111067
123.577576,41.857389
117.727796,36.163163
123.578539,41.857707
120.126721,30.920807
116.294794,39.384545
123.577095,41.85723
120.125942,30.920927
123.577095,41.85723
123.577576,41.857389
120.833937,31.710363
113.298453,22.844098
104.736212,29.604744
104.736212,29.604744
104.736163,29.604644
114.070476,22.551093
112.079684,32.153181
114.070476,22.551093
120.855602,30.661686
114.070476,22.551093
120.834162,31.710275
118.942453,33.421862
119.878851,31.819949
103.536469,31.523683
103.536469,31.523683
103.536531,31.523679
125.310908,43.413953
103.896383,31.011394
120.901114,31.547904
108.517913,30.778715
109.3182,23.93238
107.435339,25.431172
119.878851,31.819949
113.434095,31.470877
113.434095,31.470877
112.93482,27.831925
119.818283,32.369033
103.040607,30.037587
103.040802,30.037798
119.185048,33.416176
104.644714,30.921779
120.217808,32.118711
113.75859,22.847776
113.75859,22.847776
103.040802,30.037798
119.18515,33.416031
118.726555,32.662832
115.356428,32.430622
115.356428,32.430622
111.45556,37.006577
103.040607,30.037587
113.837553,22.901893
121.600197,38.993509
102.20533,27.838757
102.20533,27.838757
102.20533,27.838757
102.20529,27.838907
114.012054,30.026065
115.961049,35.722239
115.961049,35.722239
111.455563,37.006581
120.342391,29.74543
103.040607,30.037587
111.340149,28.704651
115.817731,38.427085
103.040802,30.037798
113.620941,23.013133
121.65913,31.269493
120.113251,29.701211
115.817731,38.427085
116.421006,40.062705
113.352438,23.1319294
112.955212,28.142283
121.345807,29.033287
102.4593408,27.490917
108.955994,34.276827
121.486145,31.202116
117.293273,24.80564
112.8995088,28.2835527
120.334835,36.236294
120.325722,29.576029
87.613671,43.829848
106.622032,30.461712
121.054488,31.940859
110.323781,25.28189
116.349408,39.939184
113.326988,23.089153
116.987658,33.025262
116.987459,33.025331
116.987658,33.025262
116.140114,39.672171
126.760655,47.999272
116.140114,39.672171
116.140114,39.672171
120.260482,31.61005
116.140114,39.672171
120.26035,32.003787
116.457334,39.927481
116.420178,39.987862
116.457266,39.92748
120.260304,32.003754
118.890197,32.107817
119.770866,31.378394
112.194829,34.7492
109.001683,34.276964
124.201097,40.025242
115.624487,34.342689
113.32354,33.668583
113.32328,33.668728
116.344598,27.918947
116.344598,27.918947
116.344598,27.918947
116.344598,27.918947
113.927039,30.722572
116.344598,27.918947
119.351248,32.363176
119.35136,32.36299
119.351248,32.363176
117.737425,35.903536
119.35136,32.36299
117.737425,35.903536
117.737425,35.903536
120.673728,31.22107
114.391211,36.224616
126.760655,47.999272
126.760745,47.999611
114.921265,22.80177
111.663693,32.380896
111.663693,32.380896
111.663693,32.380896
114.921265,22.80177
114.921265,22.80177
114.921265,22.80177
114.921265,22.80177
114.921265,22.80177
114.921265,22.80177
112.646136,34.448274
116.340134,33.866865
116.340406,33.86667
116.987658,33.025262
124.853178,45.25873
124.853178,45.25873
124.853178,45.25873
104.324286,30.642459
117.421374,36.598349
116.92154,39.456121
113.674124,24.22042
120.07993,30.927567
103.802705,30.64426
121.427039,31.234248
116.92154,39.456079
115.33905,37.369355
113.921678,33.9026
117.421374,36.598349
120.836034,29.936961
103.802701,30.644199
103.802705,30.64426
116.92154,39.456079
104.324286,30.642459
103.956628,30.827704
120.220559,31.703944
121.159524,31.28513
116.92154,39.456079
118.671718,35.064024
120.100645,30.277133
120.220559,31.703944
103.859492,30.45042
101.777041,26.820353
120.321245,31.625543
119.725432,30.930233
113.931882,22.681418
116.101485,39.882352
117.366482,23.800828
111.128876,39.789948
116.401525,39.967196
113.931882,22.681418
121.656869,38.895625
118.354988,32.116938
117.008837,36.662718
100.326694,25.537678
114.499892,36.957761
114.499892,36.957761
119.725432,30.930233
119.884016,31.234392
114.499892,36.957761
100.326694,25.537678
114.499892,36.957761
116.101485,39.882352
114.499859,36.957652
119.884016,31.234392
114.499859,36.957652
114.499892,36.957761
113.931882,22.681418
112.989264,23.253494
120.661097,31.400828
119.725432,30.930233
111.128876,39.789948
113.931882,22.681418
113.931882,22.681418
113.276646,23.014775
100.326688,25.537647
113.931882,22.681418
100.326694,25.537678
100.326688,25.537647
117.008837,36.662718
119.725432,30.930233
117.008837,36.662718
116.401496,39.967171
117.008837,36.662718
100.326694,25.537678
100.326688,25.537647
113.148105,23.106081
113.148105,23.106081
106.666995,29.518982
112.776569,35.066164
114.304899,30.52569
113.555703,22.80064
119.750146,41.391573
111.487876,35.444479
116.192372,39.991428
113.605608,22.909496
120.387567,36.24174
114.552028,35.642998
114.552028,35.642998
114.552028,35.642998
119.130444,36.705381
103.275476,23.741173
118.551352,32.30237
118.551352,32.30237
89.496045,42.918002
104.118208,30.599573
113.02692,36.062394
113.02692,36.062394
113.02692,36.062394
113.470667,22.868851
113.470667,22.868851
113.02692,36.062394
113.02692,36.062394
113.02692,36.062394
102.944598,29.956767
125.017305,46.439333
113.02692,36.062394
113.555703,22.80064
113.352551,23.131488
121.362632,43.237643
113.352551,23.131488
113.352551,23.131488
113.352551,23.131488
112.776569,35.066164
121.738779,39.202167
120.300988,37.45947
116.632502,39.785952
115.738793,23.23756
115.738793,23.23756
115.669121,23.304875
112.718164,26.967085
120.214543,32.127628
110.280605,20.013161
111.274642,24.822236
111.274642,24.822236
111.274642,24.822236
103.175533,25.497447
113.455349,22.691744
113.455304,22.691555
113.820172,34.947989
103.8698,30.258117
120.389312,31.87592
113.428381,23.456766
126.629925,45.740625
114.769787,26.865947
113.823986,22.998243
114.770144,26.865908
119.046067,30.962629
119.046316,30.962632
119.046067,30.962629
115.742356,32.90911
103.8698,30.258117
119.046316,30.962632
120.195476,30.277247
119.046067,30.962629
119.046316,30.962632
114.770144,26.865908
113.428381,23.456766
120.195476,30.277247
119.388437,32.351402
112.742929,28.068997
112.742929,28.068997
112.078264,22.959198
114.769787,26.865947
114.164436,30.506948
115.905257,28.658653
106.286968,29.680721
112.718164,26.967085
119.474809,35.475695
116.145265,39.696107
116.145265,39.696107
119.96536,30.045945
113.658326,34.75292
117.436957,36.600296
118.724955,31.890461
119.474974,35.475627
116.145265,39.696107
119.215196,28.77128
119.215196,28.77128
119.390502,31.870387
119.994354,36.478799
113.406888,23.131714
120.54889,31.357046
119.875475,32.467643
120.54889,31.357046
112.655191,27.506235
119.215972,28.770447
117.026921,36.68586
107.908828,36.164086
119.474974,35.475627
119.215972,28.770447
119.215972,28.770447
119.215196,28.77128
113.406888,23.131714
119.474974,35.475627
116.145265,39.696107
112.655191,27.506235
119.215196,28.77128
120.063372,30.934596
119.215196,28.77128
116.145265,39.696107
118.478208,34.975704
116.044325,39.759227
120.12679,36.069183
119.21632,28.770029
119.761265,32.080656
119.215196,28.77128
120.250014,33.44191
120.10076,31.56704
113.406888,23.131714
113.251294,23.096601
118.396137,35.110596
113.27187,23.347753
122.504696,39.474529
122.504206,39.474528
119.831133,30.400174
119.831133,30.400174
121.305822,31.103118
121.305822,31.103118
121.305822,31.103118
104.460403,29.728785
104.460403,29.728785
104.460587,29.728818
104.460587,29.728818
107.558059,34.461149
107.558256,34.461072
104.159608,30.677277
104.159608,30.677277
104.159654,30.677241
104.159608,30.677277
104.159608,30.677277
119.088253,31.707044
109.68373,27.933246
117.653259,28.350291
117.653013,28.350266
115.82024,33.92993
115.82024,33.92993
115.82024,33.92993
115.82024,33.92993
114.717331,23.772528
116.161628,39.781404
116.346397,39.996552
114.967129,38.292779
120.660237,30.507282
118.717111,32.638007
118.736081,35.081266
111.80193,36.593575
114.393306,30.50026
116.346397,39.996552
116.336015,39.900353
110.184524,36.888289
111.80193,36.593575
118.043534,24.611446
110.184524,36.888289
118.717859,32.637188
118.043534,24.611446
118.681737,31.651242
121.401556,31.219576
111.698128,24.146595
113.413939,23.163647
116.870644,34.095561
120.461985,27.581461
120.462196,27.581645
123.362293,41.87537
112.508193,29.554898
120.247006,31.637014
111.698128,24.146595
109.159727,39.70417
109.159326,39.704151
111.003176,23.335671
104.217344,30.555009
111.698128,24.146595
114.568646,37.393147
111.698128,24.146595
111.698135,24.146773
116.440548,40.017733
105.922356,32.653805
125.388721,43.855767
125.388721,43.855767
117.460954,38.153855
120.828716,27.920448
112.105767,32.067594
113.29328,22.966956
116.915793,36.663638
118.074483,24.634158
125.388721,43.855767
117.666814,38.391359
114.237798,30.608528
118.052576,25.246629
104.11886,30.627746
104.154325,30.570196
117.331709,39.67261
125.388721,43.855767
104.154336,30.5702
117.331709,39.67261
116.440548,40.017733
105.922104,32.653694
104.154339,30.5702
120.681455,30.732846
113.29328,22.966956
113.303998,22.83309
106.330262,29.620658
120.662541,30.821923
104.931615,30.307543
113.902314,34.780976
112.45554,37.708084
114.006125,32.868865
120.688395,28.079111
114.006125,32.868865
114.006125,32.868865
112.90206,22.985602
119.980706,30.342818
115.079971,32.027302
102.340927,29.131584
113.902314,34.780976
104.931315,30.307434
113.902314,34.780976
104.931615,30.307543
104.931615,30.307543
104.931615,30.307543
106.98225,30.363324
105.810553,32.458976
120.702958,31.49655
113.886437,36.046324
111.537486,32.274875
105.810553,32.458976
117.219251,38.65206
117.219251,38.65206
116.160411,35.990536
111.537486,32.274875
120.186263,30.083117
117.219246,38.652093
116.16041,35.990537
105.810553,32.458976
116.441229,38.313349
113.886437,36.046324
120.702642,31.496492
116.44153,38.313154
105.317106,30.612193
117.219251,38.65206
117.219251,38.65206
113.332996,23.014296
109.849759,27.729365
117.219246,38.652093
116.44153,38.313154
120.702642,31.496492
115.122071,40.889409
116.441229,38.313349
116.441229,38.313349
116.16041,35.990537
113.894709,29.386387
126.580726,46.012583
116.457759,39.894962
113.301179,22.72299
111.96864,21.862825
113.279884,23.231295
116.45774,39.894968
121.012828,30.708706
109.412661,40.401045
113.301199,22.722985
114.573351,23.138108
114.573359,23.13813
104.241335,30.544594
105.729823,30.680128
126.580572,46.012439
116.058173,23.552566
116.45774,39.894968
116.45774,39.894968
116.45774,39.894968
117.705305,38.947193
118.775465,30.924869
116.457759,39.894962
116.45774,39.894968
118.135342,24.494336
105.729572,30.67991
116.058215,23.552686
105.729823,30.680128
113.301179,22.72299
116.45774,39.894968
116.058173,23.552566
120.489262,30.503777
116.45774,39.894968
120.71955,31.362362
109.412661,40.401045
126.580572,46.012439
112.518682,37.687961
109.013444,34.2028
113.633906,23.049549
120.514507,30.723755
113.634096,23.049453
121.403061,31.105818
114.583214,37.825552
117.933284,37.405458
112.518822,37.687769
129.572124,44.58051
114.536741,36.629281
102.706359,24.143507
121.408793,31.202482
120.514718,30.723858
102.706319,24.143681
105.860595,30.72171
109.013603,34.202816
109.013444,34.2028
87.497536,43.794859
107.337027,33.119705
118.235412,39.786192
114.536729,36.6294
103.823331,30.726526
103.823331,30.726526
117.108882,32.430788
103.823331,30.726526
114.126301,30.619913
103.823331,30.726526
120.932113,31.388916
108.9455,34.262236
120.9843,31.40781
114.126362,30.619914
120.9843,31.40781
120.9843,31.40781
120.9843,31.40781
120.894804,31.200131
120.9843,31.40781
121.290921,46.303836
120.452054,28.927662
121.290607,46.303813
116.880762,39.031269
120.9843,31.40781
120.9843,31.40781
116.880762,39.031269
114.126362,30.619914
120.9843,31.40781
113.020378,25.814739
120.165513,30.271383
121.290607,46.303813
120.9843,31.40781
119.023327,31.766425
105.380652,31.14826
120.9843,31.40781
120.9843,31.40781
118.757321,25.727837
117.108882,32.430788
114.126362,30.619914
117.108882,32.430788
117.108882,32.430788
114.126362,30.619914
119.177381,31.598159
120.549687,29.91794
116.31676,39.919866
120.549687,29.91794
119.177381,31.598159
114.234413,22.553333
113.337397,22.309282
120.549687,29.91794
119.951038,30.001863
120.549687,29.91794
121.580371,31.246631
120.455214,32.135043
116.486921,39.874052
116.486921,39.874052
112.399916,31.885031
116.486921,39.874052
120.549687,29.91794
113.337397,22.309282
119.177381,31.598159
118.961121,32.350171
120.549687,29.91794
120.549687,29.91794
120.609244,30.966707
120.454895,32.135006
119.177381,31.598159
120.549687,29.91794
113.352219,30.829487
120.39325,29.262679
115.096385,34.995594
120.06811,31.708918
116.4151,33.813015
112.358079,28.599842
117.354355,40.947676
120.393058,29.262283
121.311806,31.181064
120.332138,31.166955
116.4151,33.813015
121.311884,31.180933
120.671708,30.765322
112.992795,23.121294
120.39325,29.262679
113.35246,30.829487
119.296067,32.47029
116.313445,39.897756
114.042126,23.195813
114.042126,23.195813
118.478191,35.531583
119.104934,30.701514
120.39325,29.262679
119.939272,29.222188
121.311806,31.181064
116.366747,39.849384
113.35246,30.829487
113.81642,34.770212
105.889773,34.546943
114.270191,22.59173
113.88464,22.743011
114.269948,22.591705
113.270028,22.463416
113.541385,23.139568
121.331159,31.147696
121.779553,29.912868
113.541385,23.139568
113.270028,22.463416
121.598949,31.26883
116.954948,39.386788
120.433208,29.077675
121.522208,31.068336
120.361004,36.20307
115.622201,38.94033
120.361004,36.20307
112.178359,33.012257
121.779553,29.912868
112.178597,33.012172
105.168403,30.62392
105.889773,34.546943
121.331052,31.147868
121.522208,31.068336
113.734787,34.021012
123.920009,42.907114
106.971477,39.356168
116.619001,40.089991
118.869335,31.978594
123.920009,42.907114
121.07067,31.584876
113.92658,23.064452
110.215931,34.565386
120.596952,31.030467
114.08765,30.603599
106.971477,39.356168
110.21595,34.5654
110.215931,34.565386
110.21595,34.5654
110.215931,34.565386
110.215931,34.565386
109.21891,35.591559
110.215931,34.565386
121.359705,41.096743
121.359371,41.096551
120.596952,31.030467
121.359705,41.096743
121.359371,41.096551
121.359705,41.096743
114.08765,30.603599
116.364073,39.967765
112.487786,23.066792
116.092313,39.266009
118.869429,31.978658
106.971477,39.356168
120.596952,31.030467
114.087829,30.603579
119.060451,28.999308
120.647594,32.142539
104.441746,30.800718
113.926578,23.064447
112.936924,23.764661
118.786337,31.894263
114.08765,30.603599
121.879285,29.467798
120.216417,27.023799
120.216417,27.023799
121.142124,31.010639
113.257191,23.162673
116.794825,38.578965
107.524638,31.312881
107.524638,31.312881
121.441972,31.265163
120.257156,30.100239
120.337319,36.059535
121.301121,31.923569
121.527997,31.230933
116.810472,35.534736
120.257156,30.100239
113.266822,29.036844
113.266822,29.036844
121.441922,31.265306
106.065574,29.891267
113.641851,34.811248
104.954353,27.172529
107.524638,31.312881
118.858397,32.095269
118.858397,32.095269
115.28083,27.939437
108.177481,28.032766
120.563137,31.412419
107.512214,31.221747
107.512214,31.221747
107.512214,31.221747
110.423806,19.493084
104.102203,30.224326
117.994847,31.616172
106.524065,29.653175
104.102194,30.224309
104.102194,30.224309
104.102194,30.224309
104.102194,30.224309
104.102194,30.224309
120.046954,32.881296
104.487298,30.888387
104.102203,30.224326
120.101222,29.894825
114.105093,35.3033
109.191617,34.669198
109.191617,34.669198
109.191617,34.669198
119.536129,32.389355
106.534016,29.579811
114.105448,35.303241
113.136027,28.204727
109.440919,21.691873
113.366679,23.19691
120.562911,31.412394
120.563137,31.412419
110.423722,19.493254
114.907549,30.061546
114.907549,30.061546
118.858397,32.095269
118.858287,32.095256
114.105448,35.303241
121.362312,31.1443
103.12948,41.698422
116.326254,40.020943
103.12948,41.698422
116.326457,40.021011
114.151466,35.547279
120.94037,30.049581
113.218257,33.894039
120.460746,31.448804
103.37498,36.143538
117.039075,39.770919
103.129479,41.698423
112.954671,31.912952
103.129479,41.698423
116.326254,40.020943
119.634261,30.791032
121.440009,38.938994
110.140969,22.661368
106.526456,29.6512
105.56104,23.699113
119.973506,31.823005
117.125871,39.214411
118.906482,32.065268
113.038085,28.153365
113.038085,28.153365
120.492454,31.374113
105.56104,23.699113
105.56104,23.699113
119.973506,31.823005
113.706815,23.059853
119.973506,31.823005
105.56104,23.699113
119.973506,31.823005
119.973506,31.823005
119.973506,31.823005
105.56104,23.699113
118.906482,32.065268
110.140983,22.661253
105.56104,23.699113
110.140969,22.661368
110.140969,22.661368
121.440116,38.939049
121.440009,38.938994
105.56104,23.699113
118.54482,33.015263
109.977216,39.842795
105.56104,23.699113
119.973506,31.823005
115.161082,33.38685
115.161082,33.38685
116.445724,39.831211
115.161082,33.38685
115.161082,33.38685
118.906482,32.065268
125.337139,43.895693
116.445935,39.831238
105.56104,23.699113
116.445724,39.831211
113.479542,22.747554
103.95891,30.637562
121.580188,31.360564
120.822859,32.066237
121.580188,31.360564
116.264892,39.880114
104.091127,30.712074
107.855713,23.087741
118.349391,28.817897
117.21625,31.845921
104.404796,28.601303
113.403857,23.117771
121.580188,31.360564
120.344936,31.565338
107.855713,23.087741
121.580188,31.360564
121.580188,31.360564
113.479542,22.747554
116.264892,39.880114
121.580188,31.360564
115.428408,33.275576
117.200965,36.845654
109.585007,27.961659
112.966166,22.519949
112.966166,22.519949
112.966166,22.519949
112.966166,22.519949
120.489962,36.189691
99.416485,26.462685
112.202172,37.095236
112.966166,22.519949
114.028991,35.348594
112.966166,22.519949
114.037646,30.514439
114.170601,22.278133
114.170601,22.278133
114.03761,30.514636
109.276558,27.885584
120.489962,36.189691
109.574499,27.958799
109.574499,27.958799
118.602808,31.13748
115.428408,33.275576
106.282072,35.62994
115.428408,33.275576
115.428185,33.275574
115.428408,33.275576
118.602808,31.13748
113.693168,23.051048
120.885523,31.130122
106.583758,29.606055
106.583758,29.606055
118.602808,31.13748
106.583758,29.606055
106.583758,29.606055
119.71355,31.22377
110.500108,24.700864
120.173031,31.88002
113.724417,22.795943
103.991109,30.715219
103.991041,30.71526
113.809361,23.09866
121.126623,30.683979
103.991109,30.715219
114.671768,26.334341
122.246802,40.344803
113.675298,22.922576
113.671609,34.772051
117.038175,30.525278
114.214874,22.632528
108.344779,21.636398
121.363048,36.959868
118.83658,31.565117
117.768078,34.47348
121.363048,36.959868
114.671768,26.334341
116.339348,39.824627
121.126936,30.684078
118.118769,39.680414
113.671609,34.772051
122.246802,40.344803
114.214872,22.632529
119.822316,32.345164
114.214875,22.632527
121.363048,36.959868
113.675298,22.922576
119.820526,32.202026
119.820526,32.202026
115.723782,28.579257
120.376002,29.197748
121.479636,31.216363
119.820526,32.202026
113.500247,22.981673
113.500247,22.981673
120.4769,31.946446
112.92576,36.4993
121.410505,31.161203
117.029864,39.398246
113.466651,32.280761
115.164125,40.55836
121.479636,31.216363
119.820526,32.202026
113.107661,23.050667
110.316291,30.61358
115.991236,38.026004
117.029864,39.398246
116.327431,39.999906
120.4769,31.946446
114.083526,22.88062
120.4769,31.946446
117.029957,39.3984
99.707812,27.799098
99.707812,27.799098
113.466392,32.280491
120.4769,31.946446
110.06933,25.536762
115.922965,28.615423
121.195602,31.390881
113.224706,22.593282
115.063473,22.813436
117.485134,31.949266
120.0802,30.864561
120.0802,30.864561
120.541522,31.557099
113.145696,32.688458
113.146096,32.688516
113.145696,32.688458
112.282162,34.85932
117.457686,39.719222
117.457685,39.719222
120.541317,31.557064
117.404569,23.94351
118.241346,39.78836
117.40418,23.94287
116.688294,36.445742
118.241416,39.78839
121.195602,31.390881
115.064426,22.813662
117.485134,31.949266
116.388749,37.341863
117.485134,31.949266
113.252791,28.612899
121.195602,31.390881
116.351075,40.035749
113.697659,23.007618
113.697649,23.007539
121.343784,30.729833
113.685414,34.759922
113.685414,34.759922
104.627552,28.747278
104.627552,28.747278
116.688272,36.445563
120.94127,30.543357
104.074285,30.625576
120.09131,28.665552
119.541536,31.761188
102.547004,24.948714
104.074285,30.625576
104.074285,30.625576
118.705528,32.175466
104.074285,30.625576
104.074285,30.625576
106.585495,29.625593
104.024708,30.67161
116.180656,39.754338
112.578742,22.78294
102.874611,30.163623
119.872654,31.271914
125.257007,43.866101
120.038675,30.258839
118.705528,32.175466
114.402297,30.722644
115.183402,39.122479
119.541568,31.761226
104.220011,30.521497
117.281999,33.014116
113.436636,24.74129
118.181607,33.606351
118.333234,35.119587
117.109923,33.158276
119.541568,31.761226
104.074285,30.625576
106.646313,26.574051
106.646313,26.574051
106.58566,29.625613
115.183402,39.122479
106.646313,26.574051
104.074285,30.625576
120.29095,31.520216
113.320575,23.186332
119.917883,31.16047
120.49397,30.056962
112.673661,24.301527
119.918039,31.160262
120.49397,30.056962
120.231082,32.055391
119.918039,31.160262
113.21473,23.124489
107.878871,30.301354
112.673661,24.301527
112.673615,24.301256
120.49397,30.056962
114.370001,34.705521
120.05621,30.65076
120.677324,30.915683
118.073756,31.23613
108.511266,30.095807
113.369996,23.185079
118.073716,31.236127
121.759615,31.043417
118.753275,41.491621
120.657111,31.002943
117.134678,39.199626
117.622301,38.853336
117.622301,38.853336
117.622301,38.853336
117.622301,38.853336
120.657179,31.002942
117.622301,38.853336
118.651409,32.923641
112.441132,23.05538
120.114392,30.189277
118.763392,32.011673
118.763313,32.011692
109.076121,34.27638
103.843662,30.246721
109.076121,34.27638
113.768024,22.98451
121.42068,29.918871
109.076121,34.27638
120.19369,30.289227
123.57832,41.925884
119.85513,32.240302
119.85513,32.240302
120.350358,29.159069
119.552558,26.515956
104.075151,30.603638
121.42068,29.918871
113.79055,23.130709
120.350358,29.159069
119.965559,31.810266
116.786973,31.897951
123.578174,41.925932
104.770868,31.536005
101.645788,36.681206
116.786973,31.897951
123.578174,41.925932
121.42068,29.918871
113.768024,22.98451
120.19369,30.289227
120.350671,29.159146
119.855369,32.240402
116.48296,39.987553
119.85513,32.240302
113.314001,23.06508
117.065401,35.914222
85.297422,44.335246
85.296647,44.335208
103.843646,30.246849
114.154269,22.836017
116.497179,39.973229
119.02661,32.060315
120.308563,31.605833
111.207345,35.350728
113.652059,34.848143
120.263879,33.771378
111.207345,35.350728
113.280671,23.199072
116.319767,39.680784
113.280671,23.199072
112.812567,31.995074
111.207345,35.350728
117.989013,27.782601
117.989286,27.782515
117.989013,27.782601
112.812567,31.995074
118.996223,27.923555
118.996223,27.923555
104.837895,29.416014
112.81277,31.99501
114.154269,22.836017
114.038785,22.543777
121.725677,31.365205
121.725677,31.365205
121.725677,31.365205
114.154294,22.835907
114.154269,22.836017
114.038785,22.543777
113.254356,29.42621
114.154269,22.836017
114.154269,22.836017
114.154269,22.836017
120.7887,29.218573
120.788846,29.218576
113.539635,34.84944
113.925949,22.728
114.038785,22.543777
111.158084,21.659825
111.158084,21.659825
121.701253,31.275194
121.701253,31.275194
118.645291,32.165651
116.202599,39.841709
118.682006,35.8214
112.180433,27.688015
119.814166,31.425308
112.113603,32.094293
112.113603,32.094293
108.241391,22.843601
108.241391,22.843601
106.592441,29.554452
113.337797,23.148358
116.373149,39.713706
116.373149,39.713706
116.373149,39.713706
120.660455,31.26496
119.538638,32.120581
111.158084,21.659825
114.531434,22.741364
119.811903,31.693709
113.766224,33.962649
111.458702,37.432262
109.18425,26.444205
106.39108,29.609985
119.253873,26.053481
120.916162,32.145369
114.288706,30.653438
112.306657,22.187045
114.288591,30.653072
116.639624,40.23905
116.574494,27.170121
114.287927,30.650765
112.306659,22.187059
112.29482,31.248249
121.339073,31.080288
116.639703,40.238879
117.129587,39.12358
121.339073,31.080288
109.14215,35.487908
114.288591,30.653072
121.339073,31.080288
118.925245,28.961576
104.1109,30.651378
112.29482,31.248249
118.925245,28.961576
111.407498,24.592906
119.752496,31.940828
121.872638,41.945761
115.936083,28.694981
121.339073,31.080288
112.306659,22.187059
113.845521,23.018814
114.657168,26.250429
112.294712,31.248034
114.288706,30.653438
119.752496,31.940828
113.24277,23.084446
112.055338,30.409474
118.562904,24.792946
112.920535,28.216006
118.562904,24.792946
112.612906,28.306675
104.224779,28.550768
112.235531,32.783472
112.612906,28.306675
117.367623,38.405863
123.588533,41.775178
120.380798,31.584831
117.367623,38.405863
124.927272,41.619793
104.285733,30.697737
124.961053,44.915267
112.920535,28.216006
116.546928,37.884715
116.546928,37.884715
118.56283,24.79286
116.467494,39.859279
118.550881,39.867389
116.467494,39.859279
117.367623,38.405863
117.367623,38.405863
113.047831,32.902761
113.259307,29.294926
112.399551,37.640758
112.399551,37.640758
122.373289,40.290943
112.399551,37.640758
115.986222,29.70575
112.399551,37.640758
120.707892,30.468071
120.707892,30.468071
120.073306,36.023264
112.399551,37.640758
112.399551,37.640758
120.682642,30.089816
100.17161,25.702968
100.17161,25.702968
114.080103,37.978972
118.744975,26.338871
100.17161,25.702968
113.400007,23.056552
113.399888,23.056536
113.400007,23.056552
120.825176,30.883287
119.514608,33.2381
119.514608,33.2381
120.072976,36.022939
119.514608,33.2381
119.585755,31.932106
120.072976,36.022939
117.419981,31.831514
114.701065,23.760384
114.701065,23.760384
122.373289,40.290943
114.701065,23.760384
122.115258,30.018457
118.555246,33.723986
100.17161,25.702968
120.072976,36.022939
113.259228,29.295087
104.735621,31.734516
104.735621,31.734516
120.073471,36.023428
119.585925,31.932034
110.543247,34.929447
114.701065,23.760384
112.399551,37.640758
120.682812,30.089796
113.223777,23.033561
119.895757,31.808715
119.895757,31.808715
113.024874,23.639806
112.399551,37.640758
120.742259,31.362215
107.557699,25.916027
120.016731,43.859813
120.016626,43.85978
106.795601,29.640532
120.272033,30.255282
120.742259,31.362215
119.209756,31.315535
106.795506,29.640399
107.557699,25.916027
112.829914,28.35628
106.564762,29.512948
118.467567,36.052927
112.424989,24.583288
112.424989,24.583288
119.757183,36.852616
110.827823,22.771868
107.557589,25.915657
117.426023,38.827162
110.827823,22.771868
106.298846,29.444059
110.827823,22.771868
112.424989,24.583288
118.069033,31.567316
112.424989,24.583288
112.424989,24.583288
112.514986,32.980886
126.680678,45.764778
106.298888,29.444325
121.140833,31.201005
114.400851,23.07746
107.557627,25.915842
107.557699,25.916027
106.795506,29.640399
120.986796,32.006774
113.969079,32.33674
120.741985,31.362118
113.00411,25.284163
113.003987,25.28411
105.919072,34.472746
105.919072,34.472746
105.918766,34.472706
113.365808,22.689909
105.919072,34.472746
116.349953,39.917956
120.396669,36.07549
113.369392,34.566857
105.919072,34.472746
105.918766,34.472706
105.918766,34.472706
105.918766,34.472706
105.918766,34.472706
105.918766,34.472706
105.918766,34.472706
105.918766,34.472706
120.987673,31.999365
116.11668,34.262918
105.918766,34.472706
113.365967,22.689926
109.824293,40.657464
105.919072,34.472746
109.824293,40.657464
109.824293,40.657464
112.845242,23.205429
112.751253,28.06236
105.918766,34.472706
120.396669,36.07549
112.845242,23.205429
109.824293,40.657464
118.934011,34.503712
113.365808,22.689909
105.933275,32.65862
105.918766,34.472706
112.751253,28.06236
105.918766,34.472706
118.840803,32.056861
115.639691,22.933042
120.396714,36.075511
120.396669,36.07549
116.349953,39.917956
105.918766,34.472706
105.918766,34.472706
105.918766,34.472706
103.916432,27.920611
112.577635,23.398392
115.794113,28.742641
112.577635,23.398392
119.793938,30.909852
112.577051,26.901444
115.794325,28.742804
113.742328,22.86696
103.935549,30.742008
121.53361,31.366203
114.097863,22.82611
113.562788,23.86549
113.819456,22.802491
113.819456,22.802491
118.962483,30.069621
113.072452,23.186527
113.072452,23.186527
113.922252,23.170074
113.555682,23.19834
115.794502,28.742973
103.935501,30.741761
115.820184,37.717025
113.922271,23.170013
113.50644,23.119083
115.794325,28.742804
113.390148,27.784962
113.922271,23.170013
114.097863,22.82611
114.097863,22.82611
109.871443,20.583181
114.097863,22.82611
118.763479,32.252472
103.958808,30.681389
119.793938,30.909852
113.562788,23.86549
113.922271,23.170013
113.390364,27.784738
118.763479,32.252472
114.097863,22.82611
112.577809,23.3983
112.577985,23.398209
112.577985,23.398209
118.763479,32.252472
113.390148,27.784962
120.186213,30.332224
122.027411,39.629786
122.027429,39.629801
122.027411,39.629786
114.461159,38.062973
114.461159,38.062973
115.031907,38.517474
104.26381,35.849541
104.26381,35.849541
106.499186,29.282789
106.499186,29.282789
104.26381,35.849541
104.553803,31.427588
121.732546,31.22582
118.720877,29.990169
104.554008,31.427656
118.720877,29.990169
104.26381,35.849541
112.101435,27.563758
121.347395,31.266206
117.64834,38.992027
117.64834,38.992027
119.020323,32.058368
117.64834,38.992027
117.64834,38.992027
116.642188,39.889672
120.459917,29.842093
121.586854,31.267568
113.854911,22.566875
121.629643,31.305848
112.482368,28.47534
119.216937,34.274954
104.202386,30.673959
122.027411,39.629786
117.141922,40.555366
117.141922,40.555366
113.115164,28.212703
115.849761,36.462324
118.079171,24.452374
105.607576,29.401896
110.902896,21.648649
113.115164,28.212703
113.115164,28.212703
104.008807,30.674462
113.115164,28.212703
116.193302,39.904788
105.607576,29.401896
113.282295,22.780588
105.607576,29.401896
113.115164,28.212703
105.988669,28.278324
104.008807,30.674462
112.825975,22.989524
115.752,22.967114
116.289337,36.59988
120.00608,31.831731
113.576448,37.922671
113.225174,23.1216
112.92603,22.818926
115.576801,24.051113
121.765364,37.337588
110.902891,21.648649
115.752165,22.967108
117.18827,38.972427
116.609823,36.378085
103.985649,30.570375
117.141922,40.555366
118.189808,39.665997
123.440392,41.621873
123.440392,41.621873
114.391501,35.934013
118.619622,31.612605
116.405865,40.065626
114.123669,22.580763
113.943405,39.428493
120.358822,30.304452
120.601223,30.41838
118.792337,32.035442
121.217656,29.05227
119.879133,29.232339
108.852647,34.239263
112.448366,23.058815
119.035143,36.746051
120.358822,30.304452
113.925111,22.586184
120.601223,30.41838
112.448366,23.058815
117.314451,31.857762
120.601223,30.41838
120.601223,30.41838
118.792337,32.035442
120.601223,30.41838
112.697195,38.115124
114.123669,22.580763
112.697195,38.115124
112.697195,38.115124
104.788042,29.309227
117.189769,39.10963
117.189769,39.10963
120.161298,30.300037
118.53875,37.013562
119.005413,32.124033
118.53875,37.013562
116.401155,40.114399
116.401155,40.114399
104.788042,29.309227
120.151172,30.192338
120.151172,30.192338
113.721687,23.01914
120.151172,30.192338
117.189769,39.10963
120.589938,31.804453
120.354438,29.423018
121.470281,31.409948
113.653145,39.67568
120.073423,33.409632
117.189769,39.10963
120.482404,29.997781
116.401155,40.114399
118.597137,32.038646
105.717846,31.175602
120.151172,30.192338
105.717846,31.175602
118.53875,37.013562
104.788021,29.309482
116.753634,38.34017
118.249818,28.670573
120.178142,36.562703
117.189769,39.10963
117.189769,39.10963
117.189769,39.10963
119.842998,31.738413
118.53875,37.013562
118.53875,37.013562
104.788042,29.309227
113.653145,39.67568
120.178142,36.562703
117.189769,39.10963
113.653145,39.67568
117.189769,39.10963
120.178142,36.562703
104.788021,29.309482
117.189769,39.10963
116.772776,39.939132
115.857068,32.906309
106.439499,29.638843
106.439499,29.638843
117.476449,40.406333
116.772776,39.939132
112.927451,28.298869
106.439499,29.638843
117.476449,40.406333
116.772776,39.939132
117.749593,36.256732
116.772801,39.939136
117.476449,40.406333
116.772776,39.939132
112.927509,28.298773
112.927509,28.298773
121.101109,31.292899
117.476449,40.406333
112.271973,22.198963
104.768479,31.791855
116.772776,39.939132
111.579429,33.248421
117.829678,31.720445
118.722851,34.214131
117.829678,31.720445
119.950772,30.983438
116.772776,39.939132
113.41808,23.305723
121.280335,28.075684
112.746364,23.310159
115.940368,38.623018
118.722851,34.214131
112.271883,22.198731
117.829678,31.720445
106.670503,26.491437
115.857068,32.906309
110.942064,21.683987
119.755801,36.776278
104.385812,31.12094
116.938473,39.421454
113.509222,23.831719
113.605283,34.777875
113.066046,22.587358
104.385812,31.12094
112.455216,23.028624
119.057976,29.042107
116.475769,40.073156
118.169178,33.387415
126.820617,45.778185
116.485572,40.057356
115.965753,40.467716
112.761996,32.757493
121.031263,40.944975
116.446489,40.016319
116.44665,40.01634
126.820816,45.778212
104.215411,30.867953
121.031263,40.944975
112.782004,28.225193
118.169178,33.387415
